[J]
code=j
trading_unit=100
min_change= 0.5
margin=0.12
slip=1
commission_fix=0
commission_float= 0.00006
commission_fix_today=0
commission_float_today=0.00018
exchange_id=dce
ipo=2011-04-15
begintime_local=2014-07-04 21:00:00
endtime_local=endtime
trading_period=[['21:00:00','23:30:00'],['09:00:00','10:15:00'],['10:30:00','11:30:00'],['13:30:00','15:00:00']]
trading_period_mode=3
domi_month=['01', '05', '09']
